  1  1       1.008000
  2  1       1.625000
  3  1       2.680000
  4  1       1.501500
  5  1       1.625000
  6  1       1.100000
  6  2       1.846000
  6  4       1.722500
  6  5       1.846000
  6  6       1.540000
  7  1       1.080000
  7  2       1.820000
  7  3       1.940000
  7  4       1.696500
  7  5       1.820000
  7  6       1.470000
  7  7       1.460000
  8  1       0.950000
  8  2       1.729000
  8  4       1.605500
  8  5       1.729000
  8  6       1.430000
  8  7       1.405000
  8  8       1.480000
  9  1       1.008000
  9  2       1.690000
  9  4       1.566500
  9  5       1.690000
  9  6       1.360000
  9  7       1.360000
  9  8       1.390000
  9  9       1.417000
 10  1       1.820000
 10  6       2.041000
 10  7       2.015000
 10  8       1.924000
 10  9       1.885000
 11  1       3.030000
 12  1       1.339000
 12  6       1.560000
 12  7       1.534000
 12  8       1.443000
 12  9       1.404000
 13  1       2.580000
 13  6       2.240000
 13  7       1.755000
 13  8       1.680000
 13  9       1.655000
 14  1       1.483000
 14  6       1.850000
 14  8       1.620000
 14  9       1.561000
 15  1       1.410000
 15  6       1.870000
 15  7       1.650000
 15  8       1.600000
 15  9       1.500000
 15 15       1.894000
 16  1       1.360000
 16  2       1.963000
 16  4       1.839500
 16  5       1.963000
 16  6       1.817000
 16  7       1.625000
 16  8       1.500000
 16  9       1.570000
 16 10       2.158000
 16 12       1.677000
 16 13       2.400000
 16 15       1.860000
 16 16       2.030000
 17  1       1.304000
 17  2       1.917500
 17  4       1.794000
 17  5       1.917500
 17  6       1.767000
 17  7       1.790000
 17  8       1.700000
 17  9       1.628000
 17 10       2.112500
 17 11       2.361000
 17 12       1.631500
 17 13       2.130000
 17 14       2.030000
 17 15       2.020000
 17 16       0.000002
 17 17       1.988000
 18  1       2.015000
 18  6       2.236000
 18  7       2.210000
 18  8       2.119000
 18  9       2.080000
 18 16       2.353000
 18 17       2.307500
 19  1       3.410000
 19  9       2.550000
 19 17       2.667000
 20  1       3.070000
 20  7       2.470000
 20  8       1.820000
 20  9       2.380000
 20 17       2.730000
 21  1       1.917500
 21  6       2.138500
 21  7       2.112500
 21  8       2.021500
 21  9       1.982500
 21 16       2.255500
 21 17       2.210000
 22  6       2.138500
 22  7       2.112500
 22  8       2.021500
 22  9       1.982500
 22 16       2.255500
 22 17       2.210000
 23  1       1.917500
 23  6       2.138500
 23  7       2.112500
 23  8       2.021500
 23  9       1.982500
 23 16       2.255500
 23 17       2.210000
 24  1       1.885000
 24  6       2.106000
 24  7       2.080000
 24  8       1.989000
 24  9       1.950000
 24 16       2.223000
 24 17       2.177500
 25  1       1.885000
 25  6       2.106000
 25  7       2.080000
 25  8       1.989000
 25  9       1.950000
 25 16       2.223000
 25 17       2.177500
 26  1       1.852500
 26  6       2.073500
 26  7       2.047500
 26  8       1.956500
 26  9       1.917500
 26 16       2.190500
 26 17       2.145000
 27  1       1.787500
 27  6       2.008500
 27  7       1.982500
 27  8       1.891500
 27  9       1.852500
 27 16       2.125500
 27 17       2.080000
 28  1       1.820000
 28  6       2.041000
 28  7       2.015000
 28  8       1.924000
 28  9       1.885000
 28 16       2.158000
 28 17       2.112500
 29  1       1.755000
 29  6       1.976000
 29  7       1.950000
 29  8       1.859000
 29  9       1.820000
 29 16       2.093000
 29 17       2.047500
 30  1       1.755000
 30  6       1.976000
 30  7       1.950000
 30  8       1.859000
 30  9       1.820000
 30 16       2.093000
 30 17       2.047500
 31  1       2.015000
 31  6       2.236000
 31  7       2.210000
 31  8       2.119000
 31  9       2.080000
 31 16       2.353000
 31 17       2.307500
 32  1       2.041000
 32  6       2.262000
 32  7       2.236000
 32  8       2.145000
 32  9       2.106000
 32 16       2.379000
 32 17       2.333500
 33  1       2.028000
 33  6       2.249000
 33  7       2.223000
 33  8       2.132000
 33  9       2.093000
 33 16       2.366000
 33 17       2.320500
 34  1       2.015000
 34  6       2.236000
 34  7       2.210000
 34  8       2.119000
 34  9       2.080000
 34 16       2.353000
 34 17       2.307500
 35  1       1.452000
 35  2       2.015000
 35  4       1.891500
 35  5       2.015000
 35  6       1.938000
 35  7       2.140000
 35  9       1.756000
 35 10       2.210000
 35 11       2.502000
 35 12       1.729000
 35 13       2.340000
 35 14       2.270000
 35 15       2.140000
 35 16       2.270000
 35 17       2.138000
 35 18       2.405000
 35 19       2.821000
 35 21       2.307500
 35 22       2.307500
 35 23       2.307500
 35 24       2.275000
 35 25       2.275000
 35 26       2.242500
 35 27       2.177500
 35 28       2.210000
 35 29       2.145000
 35 30       2.145000
 35 31       2.405000
 35 32       2.431000
 35 33       2.418000
 35 34       2.405000
 35 35       2.290000
 36  1       2.080000
 36  6       2.301000
 36  7       2.275000
 36  8       2.184000
 36  9       2.145000
 36 16       2.418000
 36 17       2.372500
 36 35       2.470000
 37  1       1.859000
 37  6       2.080000
 37  7       2.054000
 37  8       1.963000
 37  9       1.924000
 37 16       2.197000
 37 17       2.151500
 37 35       2.249000
 38  1       1.885000
 38  6       2.106000
 38  7       2.080000
 38  8       1.989000
 38  9       1.950000
 38 16       2.223000
 38 17       2.177500
 38 35       2.275000
 39  1       1.950000
 39  6       2.171000
 39  7       2.145000
 39  8       2.054000
 39  9       2.015000
 39 16       2.288000
 39 17       2.242500
 39 35       2.340000
 40  1       1.885000
 40  6       2.106000
 40  7       2.080000
 40  8       1.989000
 40  9       1.950000
 40 16       2.223000
 40 17       2.177500
 40 35       2.275000
 41  1       1.852500
 41  6       2.073500
 41  7       2.047500
 41  8       1.956500
 41  9       1.917500
 41 16       2.190500
 41 17       2.145000
 41 35       2.242500
 42  1       1.852500
 42  6       2.073500
 42  7       2.047500
 42  8       1.956500
 42  9       1.917500
 42 16       2.190500
 42 17       2.145000
 42 35       2.242500
 43  1       1.852500
 43  6       2.073500
 43  7       2.047500
 43  8       1.956500
 43  9       1.917500
 43 16       2.190500
 43 17       2.145000
 43 35       2.242500
 44  6       2.073500
 44  7       2.047500
 44  8       1.956500
 44  9       1.917500
 44 16       2.190500
 44 17       2.145000
 44 35       2.242500
 45  1       1.852500
 45  6       2.073500
 45  7       2.047500
 45  8       1.956500
 45  9       1.917500
 45 16       2.190500
 45 17       2.145000
 45 35       2.242500
 46  1       1.820000
 46  6       2.041000
 46  7       2.015000
 46  8       1.924000
 46  9       1.885000
 46 16       2.158000
 46 17       2.112500
 46 35       2.210000
 47  1       1.885000
 47  6       2.106000
 47  7       2.080000
 47  8       1.989000
 47  9       1.950000
 47 16       2.223000
 47 17       2.177500
 47 35       2.275000
 48  1       1.820000
 48  6       2.041000
 48  7       2.015000
 48  8       1.924000
 48  9       1.885000
 48 16       2.158000
 48 17       2.112500
 48 35       2.210000
 49  1       2.015000
 49  6       2.236000
 49  7       2.210000
 49  8       2.119000
 49  9       2.080000
 49 16       2.353000
 49 17       2.307500
 49 35       2.405000
 50  1       2.210000
 50  6       2.431000
 50  7       2.405000
 50  8       2.314000
 50  9       2.275000
 50 16       2.548000
 50 17       2.502500
 50 35       2.600000
 51  1       2.210000
 51  6       2.431000
 51  7       2.405000
 51  8       2.314000
 51  9       2.275000
 51 16       2.548000
 51 17       2.502500
 51 35       2.600000
 52  1       2.145000
 52  6       2.366000
 52  7       2.340000
 52  8       2.249000
 52  9       2.210000
 52 16       2.483000
 52 17       2.437500
 52 35       2.535000
 53  1       1.644000
 53  2       2.177500
 53  4       2.054000
 53  5       2.177500
 53  6       2.139000
 53  8       1.890000
 53  9       0.000002
 53 10       2.372500
 53 11       2.712000
 53 12       1.891500
 53 13       2.530000
 53 15       2.420000
 53 17       2.303000
 53 18       2.567500
 53 21       2.470000
 53 22       2.470000
 53 23       2.470000
 53 24       2.437500
 53 25       2.437500
 53 26       2.405000
 53 27       2.340000
 53 28       2.372500
 53 29       2.307500
 53 30       2.307500
 53 31       2.567500
 53 32       2.593500
 53 33       2.580500
 53 34       2.567500
 53 35       2.500000
 53 36       2.632500
 53 37       2.411500
 53 38       2.437500
 53 39       2.502500
 53 40       2.437500
 53 41       2.405000
 53 42       2.405000
 53 43       2.405000
 53 44       2.405000
 53 45       2.405000
 53 46       2.372500
 53 47       2.437500
 53 48       2.372500
 53 49       2.567500
 53 50       2.762500
 53 51       2.762500
 53 52       2.697500
 53 53       2.662000
 54  1       2.210000
 54  6       2.431000
 54  7       2.405000
 54  8       2.314000
 54  9       2.275000
 54 16       2.548000
 54 17       2.502500
 54 35       2.600000
 54 53       2.762500
